0, 0;
1, 137.50778;
2, 275.015561;
3, 52.523341;
4, 190.031122;
5, 327.538902;
6, 105.046682;
7, 242.554463;
8, 20.062243;
9, 157.57;
10, 295.077804;
11, 72.585584;
12, 210.093365;
13, 347.601145;
14, 125.108925;
15, 262.616706;
16, 40.124486;
17, 177.632266;
18, 315.14;
19, 92.647827;
20, 230.155608;
21, 7.663388;
22, 145.171168;
23, 282.678949;
24, 60.186729;
25, 197.69451;
26, 335.20229;
27, 112.71;
28, 250.217851;
29, 27.725631;
30, 165.233411;
31, 302.741192;
32, 80.248972;
33, 217.756753;
34, 355.264533;
35, 132.772313;
36, 270.28;
37, 47.787874;
38, 185.295654;
39, 322.803435;
40, 100.311215;
41, 237.818996;
42, 15.326776;
43, 152.834556;
44, 290.342337;
45, 67.850117;
46, 205.357898;
47, 342.865678;
48, 120.373458;
49, 257.881239;
50, 35.389019;
51, 172.896799;
52, 310.40458;
53, 87.91236;
54, 225.420141;
55, 2.927921;
56, 140.435701;
57, 277.943482;
58, 55.451262;
59, 192.959042;
60, 330.466823;
61, 107.974603;
62, 245.482384;
63, 22.990164;
64, 160.497944;
65, 298.005725;
66, 75.513505;
67, 213.021286;
68, 350.529066;
69, 128.036846;
70, 265.544627;
71, 43.052407;
72, 180.560187;
73, 318.067968;
74, 95.575748;
75, 233.083529;
76, 10.591309;
77, 148.1;
78, 285.60687;
79, 63.11465;
80, 200.62243;
81, 338.130211;
82, 115.637991;
83, 253.145772;
84, 30.653552;
85, 168.161332;
86, 305.669113;
87, 83.176893;
88, 220.684674;
89, 358.192454;
90, 135.7;
91, 273.208015;
92, 50.715795;
93, 188.223575;
94, 325.731356;
95, 103.239136;
96, 240.746917;
97, 18.254697;
98, 155.762477;
99, 293.270258;
100, 70.778038;
101, 208.285818;
102, 345.793599;
103, 123.301379;
104, 260.80916;
105, 38.31694;
106, 175.82472;
107, 313.332501;
108, 90.840281;
109, 228.348062;
110, 5.855842;
111, 143.363622;
112, 280.871403;
113, 58.379183;
114, 195.886963;
115, 333.394744;
116, 110.902524;
117, 248.410305;
118, 25.918085;
119, 163.425865;
120, 300.933646;
121, 78.441426;
122, 215.949206;
123, 353.456987;
124, 130.964767;
125, 268.472548;
126, 45.980328;
127, 183.488108;
128, 320.995889;
129, 98.503669;
130, 236.01145;
131, 13.51923;
132, 151.02701;
133, 288.534791;
134, 66.042571;
135, 203.550351;
136, 341.058132;
137, 118.565912;
138, 256.073693;
139, 33.581473;
140, 171.089253;
141, 308.597034;
142, 86.104814;
143, 223.612594;
144, 1.120375;
145, 138.628155;
146, 276.135936;
147, 53.643716;
148, 191.151496;
149, 328.659277;
150, 106.167057;
151, 243.674838;
152, 21.182618;
153, 158.690398;
154, 296.198179;
155, 73.705959;
156, 211.213739;
157, 348.72152;
158, 126.2293;
159, 263.737081;
160, 41.244861;
161, 178.752641;
162, 316.260422;
163, 93.768202;
164, 231.275982;
165, 8.783763;
166, 146.291543;
167, 283.8;
168, 61.307104;
169, 198.814884;
170, 336.322665;
171, 113.830445;
172, 251.338226;
173, 28.846006;
174, 166.353786;
175, 303.861567;
176, 81.369347;
177, 218.877127;
178, 356.384908;
179, 133.892688;
180, 271.4;
181, 48.908249;
182, 186.416029;
183, 323.92381;
184, 101.43159;
185, 238.93937;
186, 16.447151;
187, 153.954931;
188, 291.462712;
189, 68.970492;
190, 206.478272;
191, 343.986053;
192, 121.493833;
193, 259.001614;
194, 36.509394;
195, 174.017174;
196, 311.524955;
197, 89.032735;
198, 226.540515;
199, 4.048296;
200, 141.556076;